v2	V(vout)	I(R4)
Step Information: Illu_set=100  (Run: 1/10)
1.000000000000000e-001	1.000000e-001	4.175780e-003
2.000000000000000e-001	2.000000e-001	4.162385e-003
3.000000000000000e-001	3.000000e-001	4.148989e-003
4.000000000000000e-001	4.000000e-001	4.135594e-003
5.000000000000000e-001	5.000000e-001	4.122199e-003
6.000000000000000e-001	6.000000e-001	4.108803e-003
7.000000000000000e-001	7.000000e-001	4.095408e-003
8.000000000000000e-001	8.000000e-001	4.082012e-003
9.000000000000000e-001	9.000000e-001	4.068617e-003
1.000000000000000e+000	1.000000e+000	4.055221e-003
1.100000000000000e+000	1.100000e+000	4.041824e-003
1.200000000000000e+000	1.200000e+000	4.028426e-003
1.300000000000000e+000	1.300000e+000	4.015028e-003
1.400000000000000e+000	1.400000e+000	4.001628e-003
1.500000000000000e+000	1.500000e+000	3.988225e-003
1.600000000000000e+000	1.600000e+000	3.974817e-003
1.700000000000000e+000	1.700000e+000	3.961404e-003
1.800000000000000e+000	1.800000e+000	3.947981e-003
1.900000000000000e+000	1.900000e+000	3.934542e-003
2.000000000000000e+000	2.000000e+000	3.921080e-003
2.100000000000000e+000	2.100000e+000	3.907583e-003
2.200000000000000e+000	2.200000e+000	3.894031e-003
2.300000000000000e+000	2.300000e+000	3.880394e-003
2.400000000000000e+000	2.400000e+000	3.866629e-003
2.500000000000000e+000	2.500000e+000	3.852663e-003
2.600000000000000e+000	2.600000e+000	3.838392e-003
2.700000000000000e+000	2.700000e+000	3.823649e-003
2.800000000000000e+000	2.800000e+000	3.808183e-003
2.900000000000000e+000	2.900000e+000	3.791604e-003
3.000000000000000e+000	3.000000e+000	3.773315e-003
3.100000000000000e+000	3.100000e+000	3.752397e-003
3.200000000000000e+000	3.200000e+000	3.727438e-003
3.300000000000000e+000	3.300000e+000	3.696270e-003
3.400000000000000e+000	3.400000e+000	3.655561e-003
3.500000000000000e+000	3.500000e+000	3.600194e-003
3.600000000000000e+000	3.600000e+000	3.522320e-003
3.700000000000000e+000	3.700000e+000	3.409905e-003
3.800000000000000e+000	3.800000e+000	3.244531e-003
3.900000000000000e+000	3.900000e+000	2.998071e-003
4.000000000000000e+000	4.000000e+000	2.627726e-003
4.100000000000000e+000	4.100000e+000	2.068730e-003
4.200000000000000e+000	4.200000e+000	1.223869e-003
4.300000000000000e+000	4.300000e+000	1.000000e-004
4.400000000000000e+000	4.400000e+000	1.000000e-004
4.500000000000000e+000	4.500000e+000	1.000000e-004
4.600000000000000e+000	4.600000e+000	1.000000e-004
4.625000000000000e+000	4.625000e+000	1.000000e-004
4.650000000000000e+000	4.650000e+000	1.000000e-004
4.675000000000000e+000	4.675000e+000	1.000000e-004
4.700000000000000e+000	4.700000e+000	1.000000e-004
4.725000000000000e+000	4.725000e+000	1.000000e-004
4.750000000000000e+000	4.750000e+000	1.000000e-004
4.775000000000000e+000	4.775000e+000	1.000000e-004
4.800000000000000e+000	4.800000e+000	1.000000e-004
4.825000000000000e+000	4.825000e+000	1.000000e-004
4.850000000000000e+000	4.850000e+000	1.000000e-004
4.875000000000000e+000	4.875000e+000	1.000000e-004
4.900000000000000e+000	4.900000e+000	1.000000e-004
4.925000000000000e+000	4.925000e+000	1.000000e-004
4.950000000000000e+000	4.950000e+000	1.000000e-004
4.975000000000000e+000	4.975000e+000	1.000000e-004
5.000000000000000e+000	5.000000e+000	1.000000e-004
Step Information: Illu_set=200  (Run: 2/10)
1.000000000000000e-001	1.000000e-001	8.364956e-003
2.000000000000000e-001	2.000000e-001	8.351561e-003
3.000000000000000e-001	3.000000e-001	8.338165e-003
4.000000000000000e-001	4.000000e-001	8.324770e-003
5.000000000000000e-001	5.000000e-001	8.311374e-003
6.000000000000000e-001	6.000000e-001	8.297979e-003
7.000000000000000e-001	7.000000e-001	8.284584e-003
8.000000000000000e-001	8.000000e-001	8.271188e-003
9.000000000000000e-001	9.000000e-001	8.257792e-003
1.000000000000000e+000	1.000000e+000	8.244396e-003
1.100000000000000e+000	1.100000e+000	8.230999e-003
1.200000000000000e+000	1.200000e+000	8.217602e-003
1.300000000000000e+000	1.300000e+000	8.204203e-003
1.400000000000000e+000	1.400000e+000	8.190802e-003
1.500000000000000e+000	1.500000e+000	8.177400e-003
1.600000000000000e+000	1.600000e+000	8.163992e-003
1.700000000000000e+000	1.700000e+000	8.150578e-003
1.800000000000000e+000	1.800000e+000	8.137154e-003
1.900000000000000e+000	1.900000e+000	8.123714e-003
2.000000000000000e+000	2.000000e+000	8.110251e-003
2.100000000000000e+000	2.100000e+000	8.096751e-003
2.200000000000000e+000	2.200000e+000	8.083194e-003
2.300000000000000e+000	2.300000e+000	8.069552e-003
2.400000000000000e+000	2.400000e+000	8.055775e-003
2.500000000000000e+000	2.500000e+000	8.041794e-003
2.600000000000000e+000	2.600000e+000	8.027500e-003
2.700000000000000e+000	2.700000e+000	8.012720e-003
2.800000000000000e+000	2.800000e+000	7.997198e-003
2.900000000000000e+000	2.900000e+000	7.980533e-003
3.000000000000000e+000	3.000000e+000	7.962112e-003
3.100000000000000e+000	3.100000e+000	7.940991e-003
3.200000000000000e+000	3.200000e+000	7.915719e-003
3.300000000000000e+000	3.300000e+000	7.884071e-003
3.400000000000000e+000	3.400000e+000	7.842625e-003
3.500000000000000e+000	3.500000e+000	7.786125e-003
3.600000000000000e+000	3.600000e+000	7.706512e-003
3.700000000000000e+000	3.700000e+000	7.591430e-003
3.800000000000000e+000	3.800000e+000	7.421967e-003
3.900000000000000e+000	3.900000e+000	7.169253e-003
4.000000000000000e+000	4.000000e+000	6.789369e-003
4.100000000000000e+000	4.100000e+000	6.215874e-003
4.200000000000000e+000	4.200000e+000	5.349115e-003
4.300000000000000e+000	4.300000e+000	4.041526e-003
4.400000000000000e+000	4.400000e+000	2.078763e-003
4.500000000000000e+000	4.500000e+000	1.000000e-004
4.600000000000000e+000	4.600000e+000	1.000000e-004
4.625000000000000e+000	4.625000e+000	1.000000e-004
4.650000000000000e+000	4.650000e+000	1.000000e-004
4.675000000000000e+000	4.675000e+000	1.000000e-004
4.700000000000000e+000	4.700000e+000	1.000000e-004
4.725000000000000e+000	4.725000e+000	1.000000e-004
4.750000000000000e+000	4.750000e+000	1.000000e-004
4.775000000000000e+000	4.775000e+000	1.000000e-004
4.800000000000000e+000	4.800000e+000	1.000000e-004
4.825000000000000e+000	4.825000e+000	1.000000e-004
4.850000000000000e+000	4.850000e+000	1.000000e-004
4.875000000000000e+000	4.875000e+000	1.000000e-004
4.900000000000000e+000	4.900000e+000	1.000000e-004
4.925000000000000e+000	4.925000e+000	1.000000e-004
4.950000000000000e+000	4.950000e+000	1.000000e-004
4.975000000000000e+000	4.975000e+000	1.000000e-004
5.000000000000000e+000	5.000000e+000	1.000000e-004
Step Information: Illu_set=300  (Run: 3/10)
1.000000000000000e-001	1.000000e-001	1.255413e-002
2.000000000000000e-001	2.000000e-001	1.254074e-002
3.000000000000000e-001	3.000000e-001	1.252734e-002
4.000000000000000e-001	4.000000e-001	1.251395e-002
5.000000000000000e-001	5.000000e-001	1.250055e-002
6.000000000000000e-001	6.000000e-001	1.248715e-002
7.000000000000000e-001	7.000000e-001	1.247376e-002
8.000000000000000e-001	8.000000e-001	1.246036e-002
9.000000000000000e-001	9.000000e-001	1.244697e-002
1.000000000000000e+000	1.000000e+000	1.243357e-002
1.100000000000000e+000	1.100000e+000	1.242017e-002
1.200000000000000e+000	1.200000e+000	1.240678e-002
1.300000000000000e+000	1.300000e+000	1.239338e-002
1.400000000000000e+000	1.400000e+000	1.237998e-002
1.500000000000000e+000	1.500000e+000	1.236657e-002
1.600000000000000e+000	1.600000e+000	1.235317e-002
1.700000000000000e+000	1.700000e+000	1.233975e-002
1.800000000000000e+000	1.800000e+000	1.232633e-002
1.900000000000000e+000	1.900000e+000	1.231289e-002
2.000000000000000e+000	2.000000e+000	1.229942e-002
2.100000000000000e+000	2.100000e+000	1.228592e-002
2.200000000000000e+000	2.200000e+000	1.227236e-002
2.300000000000000e+000	2.300000e+000	1.225871e-002
2.400000000000000e+000	2.400000e+000	1.224492e-002
2.500000000000000e+000	2.500000e+000	1.223093e-002
2.600000000000000e+000	2.600000e+000	1.221661e-002
2.700000000000000e+000	2.700000e+000	1.220179e-002
2.800000000000000e+000	2.800000e+000	1.218621e-002
2.900000000000000e+000	2.900000e+000	1.216946e-002
3.000000000000000e+000	3.000000e+000	1.215090e-002
3.100000000000000e+000	3.100000e+000	1.212957e-002
3.200000000000000e+000	3.200000e+000	1.210398e-002
3.300000000000000e+000	3.300000e+000	1.207184e-002
3.400000000000000e+000	3.400000e+000	1.202963e-002
3.500000000000000e+000	3.500000e+000	1.197197e-002
3.600000000000000e+000	3.600000e+000	1.189057e-002
3.700000000000000e+000	3.700000e+000	1.177275e-002
3.800000000000000e+000	3.800000e+000	1.159909e-002
3.900000000000000e+000	3.900000e+000	1.133995e-002
4.000000000000000e+000	4.000000e+000	1.095028e-002
4.100000000000000e+000	4.100000e+000	1.036191e-002
4.200000000000000e+000	4.200000e+000	9.472687e-003
4.300000000000000e+000	4.300000e+000	8.131502e-003
4.400000000000000e+000	4.400000e+000	6.119170e-003
4.500000000000000e+000	4.500000e+000	3.126975e-003
4.600000000000000e+000	4.600000e+000	1.000000e-004
4.625000000000000e+000	4.625000e+000	1.000000e-004
4.650000000000000e+000	4.650000e+000	1.000000e-004
4.675000000000000e+000	4.675000e+000	1.000000e-004
4.700000000000000e+000	4.700000e+000	1.000000e-004
4.725000000000000e+000	4.725000e+000	1.000000e-004
4.750000000000000e+000	4.750000e+000	1.000000e-004
4.775000000000000e+000	4.775000e+000	1.000000e-004
4.800000000000000e+000	4.800000e+000	1.000000e-004
4.825000000000000e+000	4.825000e+000	1.000000e-004
4.850000000000000e+000	4.850000e+000	1.000000e-004
4.875000000000000e+000	4.875000e+000	1.000000e-004
4.900000000000000e+000	4.900000e+000	1.000000e-004
4.925000000000000e+000	4.925000e+000	1.000000e-004
4.950000000000000e+000	4.950000e+000	1.000000e-004
4.975000000000000e+000	4.975000e+000	1.000000e-004
5.000000000000000e+000	5.000000e+000	1.000000e-004
Step Information: Illu_set=400  (Run: 4/10)
1.000000000000000e-001	1.000000e-001	1.674331e-002
2.000000000000000e-001	2.000000e-001	1.672991e-002
3.000000000000000e-001	3.000000e-001	1.671652e-002
4.000000000000000e-001	4.000000e-001	1.670312e-002
5.000000000000000e-001	5.000000e-001	1.668973e-002
6.000000000000000e-001	6.000000e-001	1.667633e-002
7.000000000000000e-001	7.000000e-001	1.666293e-002
8.000000000000000e-001	8.000000e-001	1.664954e-002
9.000000000000000e-001	9.000000e-001	1.663614e-002
1.000000000000000e+000	1.000000e+000	1.662275e-002
1.100000000000000e+000	1.100000e+000	1.660935e-002
1.200000000000000e+000	1.200000e+000	1.659595e-002
1.300000000000000e+000	1.300000e+000	1.658255e-002
1.400000000000000e+000	1.400000e+000	1.656915e-002
1.500000000000000e+000	1.500000e+000	1.655575e-002
1.600000000000000e+000	1.600000e+000	1.654234e-002
1.700000000000000e+000	1.700000e+000	1.652893e-002
1.800000000000000e+000	1.800000e+000	1.651550e-002
1.900000000000000e+000	1.900000e+000	1.650206e-002
2.000000000000000e+000	2.000000e+000	1.648859e-002
2.100000000000000e+000	2.100000e+000	1.647509e-002
2.200000000000000e+000	2.200000e+000	1.646152e-002
2.300000000000000e+000	2.300000e+000	1.644786e-002
2.400000000000000e+000	2.400000e+000	1.643407e-002
2.500000000000000e+000	2.500000e+000	1.642005e-002
2.600000000000000e+000	2.600000e+000	1.640571e-002
2.700000000000000e+000	2.700000e+000	1.639085e-002
2.800000000000000e+000	2.800000e+000	1.637522e-002
2.900000000000000e+000	2.900000e+000	1.635837e-002
3.000000000000000e+000	3.000000e+000	1.633967e-002
3.100000000000000e+000	3.100000e+000	1.631813e-002
3.200000000000000e+000	3.200000e+000	1.629221e-002
3.300000000000000e+000	3.300000e+000	1.625956e-002
3.400000000000000e+000	3.400000e+000	1.621658e-002
3.500000000000000e+000	3.500000e+000	1.615772e-002
3.600000000000000e+000	3.600000e+000	1.607449e-002
3.700000000000000e+000	3.700000e+000	1.595385e-002
3.800000000000000e+000	3.800000e+000	1.577589e-002
3.900000000000000e+000	3.900000e+000	1.551016e-002
4.000000000000000e+000	4.000000e+000	1.511043e-002
4.100000000000000e+000	4.100000e+000	1.450679e-002
4.200000000000000e+000	4.200000e+000	1.359454e-002
4.300000000000000e+000	4.300000e+000	1.221893e-002
4.400000000000000e+000	4.400000e+000	1.015584e-002
4.500000000000000e+000	4.500000e+000	7.090345e-003
4.600000000000000e+000	4.600000e+000	2.598743e-003
4.625000000000000e+000	4.625000e+000	1.192498e-003
4.650000000000000e+000	4.650000e+000	1.000000e-004
4.675000000000000e+000	4.675000e+000	1.000000e-004
4.700000000000000e+000	4.700000e+000	1.000000e-004
4.725000000000000e+000	4.725000e+000	1.000000e-004
4.750000000000000e+000	4.750000e+000	1.000000e-004
4.775000000000000e+000	4.775000e+000	1.000000e-004
4.800000000000000e+000	4.800000e+000	1.000000e-004
4.825000000000000e+000	4.825000e+000	1.000000e-004
4.850000000000000e+000	4.850000e+000	1.000000e-004
4.875000000000000e+000	4.875000e+000	1.000000e-004
4.900000000000000e+000	4.900000e+000	1.000000e-004
4.925000000000000e+000	4.925000e+000	1.000000e-004
4.950000000000000e+000	4.950000e+000	1.000000e-004
4.975000000000000e+000	4.975000e+000	1.000000e-004
5.000000000000000e+000	5.000000e+000	1.000000e-004
Step Information: Illu_set=500  (Run: 5/10)
1.000000000000000e-001	1.000000e-001	2.093248e-002
2.000000000000000e-001	2.000000e-001	2.091909e-002
3.000000000000000e-001	3.000000e-001	2.090569e-002
4.000000000000000e-001	4.000000e-001	2.089230e-002
5.000000000000000e-001	5.000000e-001	2.087890e-002
6.000000000000000e-001	6.000000e-001	2.086551e-002
7.000000000000000e-001	7.000000e-001	2.085211e-002
8.000000000000000e-001	8.000000e-001	2.083872e-002
9.000000000000000e-001	9.000000e-001	2.082532e-002
1.000000000000000e+000	1.000000e+000	2.081192e-002
1.100000000000000e+000	1.100000e+000	2.079852e-002
1.200000000000000e+000	1.200000e+000	2.078513e-002
1.300000000000000e+000	1.300000e+000	2.077173e-002
1.400000000000000e+000	1.400000e+000	2.075833e-002
1.500000000000000e+000	1.500000e+000	2.074492e-002
1.600000000000000e+000	1.600000e+000	2.073152e-002
1.700000000000000e+000	1.700000e+000	2.071810e-002
1.800000000000000e+000	1.800000e+000	2.070467e-002
1.900000000000000e+000	1.900000e+000	2.069123e-002
2.000000000000000e+000	2.000000e+000	2.067776e-002
2.100000000000000e+000	2.100000e+000	2.066425e-002
2.200000000000000e+000	2.200000e+000	2.065068e-002
2.300000000000000e+000	2.300000e+000	2.063702e-002
2.400000000000000e+000	2.400000e+000	2.062321e-002
2.500000000000000e+000	2.500000e+000	2.060918e-002
2.600000000000000e+000	2.600000e+000	2.059481e-002
2.700000000000000e+000	2.700000e+000	2.057992e-002
2.800000000000000e+000	2.800000e+000	2.056422e-002
2.900000000000000e+000	2.900000e+000	2.054728e-002
3.000000000000000e+000	3.000000e+000	2.052844e-002
3.100000000000000e+000	3.100000e+000	2.050668e-002
3.200000000000000e+000	3.200000e+000	2.048042e-002
3.300000000000000e+000	3.300000e+000	2.044725e-002
3.400000000000000e+000	3.400000e+000	2.040347e-002
3.500000000000000e+000	3.500000e+000	2.034338e-002
3.600000000000000e+000	3.600000e+000	2.025827e-002
3.700000000000000e+000	3.700000e+000	2.013474e-002
3.800000000000000e+000	3.800000e+000	1.995235e-002
3.900000000000000e+000	3.900000e+000	1.967986e-002
4.000000000000000e+000	4.000000e+000	1.926981e-002
4.100000000000000e+000	4.100000e+000	1.865051e-002
4.200000000000000e+000	4.200000e+000	1.771464e-002
4.300000000000000e+000	4.300000e+000	1.630373e-002
4.400000000000000e+000	4.400000e+000	1.418870e-002
4.500000000000000e+000	4.500000e+000	1.104827e-002
4.600000000000000e+000	4.600000e+000	6.451683e-003
4.625000000000000e+000	4.625000e+000	5.013699e-003
4.650000000000000e+000	4.650000e+000	3.441805e-003
4.675000000000000e+000	4.675000e+000	1.726250e-003
4.700000000000000e+000	4.700000e+000	1.000000e-004
4.725000000000000e+000	4.725000e+000	1.000000e-004
4.750000000000000e+000	4.750000e+000	1.000000e-004
4.775000000000000e+000	4.775000e+000	1.000000e-004
4.800000000000000e+000	4.800000e+000	1.000000e-004
4.825000000000000e+000	4.825000e+000	1.000000e-004
4.850000000000000e+000	4.850000e+000	1.000000e-004
4.875000000000000e+000	4.875000e+000	1.000000e-004
4.900000000000000e+000	4.900000e+000	1.000000e-004
4.925000000000000e+000	4.925000e+000	1.000000e-004
4.950000000000000e+000	4.950000e+000	1.000000e-004
4.975000000000000e+000	4.975000e+000	1.000000e-004
5.000000000000000e+000	5.000000e+000	1.000000e-004
Step Information: Illu_set=600  (Run: 6/10)
1.000000000000000e-001	1.000000e-001	2.512166e-002
2.000000000000000e-001	2.000000e-001	2.510826e-002
3.000000000000000e-001	3.000000e-001	2.509487e-002
4.000000000000000e-001	4.000000e-001	2.508147e-002
5.000000000000000e-001	5.000000e-001	2.506808e-002
6.000000000000000e-001	6.000000e-001	2.505468e-002
7.000000000000000e-001	7.000000e-001	2.504129e-002
8.000000000000000e-001	8.000000e-001	2.502789e-002
9.000000000000000e-001	9.000000e-001	2.501449e-002
1.000000000000000e+000	1.000000e+000	2.500110e-002
1.100000000000000e+000	1.100000e+000	2.498770e-002
1.200000000000000e+000	1.200000e+000	2.497430e-002
1.300000000000000e+000	1.300000e+000	2.496090e-002
1.400000000000000e+000	1.400000e+000	2.494750e-002
1.500000000000000e+000	1.500000e+000	2.493410e-002
1.600000000000000e+000	1.600000e+000	2.492069e-002
1.700000000000000e+000	1.700000e+000	2.490727e-002
1.800000000000000e+000	1.800000e+000	2.489385e-002
1.900000000000000e+000	1.900000e+000	2.488040e-002
2.000000000000000e+000	2.000000e+000	2.486693e-002
2.100000000000000e+000	2.100000e+000	2.485342e-002
2.200000000000000e+000	2.200000e+000	2.483984e-002
2.300000000000000e+000	2.300000e+000	2.482617e-002
2.400000000000000e+000	2.400000e+000	2.481236e-002
2.500000000000000e+000	2.500000e+000	2.479831e-002
2.600000000000000e+000	2.600000e+000	2.478391e-002
2.700000000000000e+000	2.700000e+000	2.476898e-002
2.800000000000000e+000	2.800000e+000	2.475321e-002
2.900000000000000e+000	2.900000e+000	2.473618e-002
3.000000000000000e+000	3.000000e+000	2.471719e-002
3.100000000000000e+000	3.100000e+000	2.469520e-002
3.200000000000000e+000	3.200000e+000	2.466860e-002
3.300000000000000e+000	3.300000e+000	2.463490e-002
3.400000000000000e+000	3.400000e+000	2.459029e-002
3.500000000000000e+000	3.500000e+000	2.452895e-002
3.600000000000000e+000	3.600000e+000	2.444190e-002
3.700000000000000e+000	3.700000e+000	2.431541e-002
3.800000000000000e+000	3.800000e+000	2.412847e-002
3.900000000000000e+000	3.900000e+000	2.384903e-002
4.000000000000000e+000	4.000000e+000	2.342840e-002
4.100000000000000e+000	4.100000e+000	2.279303e-002
4.200000000000000e+000	4.200000e+000	2.183293e-002
4.300000000000000e+000	4.300000e+000	2.038587e-002
4.400000000000000e+000	4.400000e+000	1.821765e-002
4.500000000000000e+000	4.500000e+000	1.500063e-002
4.600000000000000e+000	4.600000e+000	1.029697e-002
4.625000000000000e+000	4.625000e+000	8.826663e-003
4.650000000000000e+000	4.650000e+000	7.220054e-003
4.675000000000000e+000	4.675000e+000	5.467325e-003
4.700000000000000e+000	4.700000e+000	3.558450e-003
4.725000000000000e+000	4.725000e+000	1.483266e-003
4.750000000000000e+000	4.750000e+000	1.000000e-004
4.775000000000000e+000	4.775000e+000	1.000000e-004
4.800000000000000e+000	4.800000e+000	1.000000e-004
4.825000000000000e+000	4.825000e+000	1.000000e-004
4.850000000000000e+000	4.850000e+000	1.000000e-004
4.875000000000000e+000	4.875000e+000	1.000000e-004
4.900000000000000e+000	4.900000e+000	1.000000e-004
4.925000000000000e+000	4.925000e+000	1.000000e-004
4.950000000000000e+000	4.950000e+000	1.000000e-004
4.975000000000000e+000	4.975000e+000	1.000000e-004
5.000000000000000e+000	5.000000e+000	1.000000e-004
Step Information: Illu_set=700  (Run: 7/10)
1.000000000000000e-001	1.000000e-001	2.931083e-002
2.000000000000000e-001	2.000000e-001	2.929744e-002
3.000000000000000e-001	3.000000e-001	2.928404e-002
4.000000000000000e-001	4.000000e-001	2.927065e-002
5.000000000000000e-001	5.000000e-001	2.925725e-002
6.000000000000000e-001	6.000000e-001	2.924386e-002
7.000000000000000e-001	7.000000e-001	2.923046e-002
8.000000000000000e-001	8.000000e-001	2.921707e-002
9.000000000000000e-001	9.000000e-001	2.920367e-002
1.000000000000000e+000	1.000000e+000	2.919027e-002
1.100000000000000e+000	1.100000e+000	2.917688e-002
1.200000000000000e+000	1.200000e+000	2.916348e-002
1.300000000000000e+000	1.300000e+000	2.915008e-002
1.400000000000000e+000	1.400000e+000	2.913668e-002
1.500000000000000e+000	1.500000e+000	2.912327e-002
1.600000000000000e+000	1.600000e+000	2.910987e-002
1.700000000000000e+000	1.700000e+000	2.909645e-002
1.800000000000000e+000	1.800000e+000	2.908302e-002
1.900000000000000e+000	1.900000e+000	2.906957e-002
2.000000000000000e+000	2.000000e+000	2.905610e-002
2.100000000000000e+000	2.100000e+000	2.904258e-002
2.200000000000000e+000	2.200000e+000	2.902901e-002
2.300000000000000e+000	2.300000e+000	2.901533e-002
2.400000000000000e+000	2.400000e+000	2.900150e-002
2.500000000000000e+000	2.500000e+000	2.898743e-002
2.600000000000000e+000	2.600000e+000	2.897301e-002
2.700000000000000e+000	2.700000e+000	2.895803e-002
2.800000000000000e+000	2.800000e+000	2.894221e-002
2.900000000000000e+000	2.900000e+000	2.892508e-002
3.000000000000000e+000	3.000000e+000	2.890594e-002
3.100000000000000e+000	3.100000e+000	2.888372e-002
3.200000000000000e+000	3.200000e+000	2.885675e-002
3.300000000000000e+000	3.300000e+000	2.882250e-002
3.400000000000000e+000	3.400000e+000	2.877706e-002
3.500000000000000e+000	3.500000e+000	2.871442e-002
3.600000000000000e+000	3.600000e+000	2.862538e-002
3.700000000000000e+000	3.700000e+000	2.849585e-002
3.800000000000000e+000	3.800000e+000	2.830424e-002
3.900000000000000e+000	3.900000e+000	2.801768e-002
4.000000000000000e+000	4.000000e+000	2.758617e-002
4.100000000000000e+000	4.100000e+000	2.693432e-002
4.200000000000000e+000	4.200000e+000	2.594937e-002
4.300000000000000e+000	4.300000e+000	2.446525e-002
4.400000000000000e+000	4.400000e+000	2.224259e-002
4.500000000000000e+000	4.500000e+000	1.894731e-002
4.600000000000000e+000	4.600000e+000	1.413445e-002
4.625000000000000e+000	4.625000e+000	1.263124e-002
4.650000000000000e+000	4.650000e+000	1.098931e-002
4.675000000000000e+000	4.675000e+000	9.198794e-003
4.700000000000000e+000	4.700000e+000	7.249617e-003
4.725000000000000e+000	4.725000e+000	5.131600e-003
4.750000000000000e+000	4.750000e+000	2.834541e-003
4.775000000000000e+000	4.775000e+000	3.483151e-004
4.800000000000000e+000	4.800000e+000	1.000000e-004
4.825000000000000e+000	4.825000e+000	1.000000e-004
4.850000000000000e+000	4.850000e+000	1.000000e-004
4.875000000000000e+000	4.875000e+000	1.000000e-004
4.900000000000000e+000	4.900000e+000	1.000000e-004
4.925000000000000e+000	4.925000e+000	1.000000e-004
4.950000000000000e+000	4.950000e+000	1.000000e-004
4.975000000000000e+000	4.975000e+000	1.000000e-004
5.000000000000000e+000	5.000000e+000	1.000000e-004
Step Information: Illu_set=800  (Run: 8/10)
1.000000000000000e-001	1.000000e-001	3.350001e-002
2.000000000000000e-001	2.000000e-001	3.348661e-002
3.000000000000000e-001	3.000000e-001	3.347322e-002
4.000000000000000e-001	4.000000e-001	3.345982e-002
5.000000000000000e-001	5.000000e-001	3.344643e-002
6.000000000000000e-001	6.000000e-001	3.343303e-002
7.000000000000000e-001	7.000000e-001	3.341964e-002
8.000000000000000e-001	8.000000e-001	3.340624e-002
9.000000000000000e-001	9.000000e-001	3.339285e-002
1.000000000000000e+000	1.000000e+000	3.337945e-002
1.100000000000000e+000	1.100000e+000	3.336605e-002
1.200000000000000e+000	1.200000e+000	3.335265e-002
1.300000000000000e+000	1.300000e+000	3.333925e-002
1.400000000000000e+000	1.400000e+000	3.332585e-002
1.500000000000000e+000	1.500000e+000	3.331245e-002
1.600000000000000e+000	1.600000e+000	3.329904e-002
1.700000000000000e+000	1.700000e+000	3.328562e-002
1.800000000000000e+000	1.800000e+000	3.327219e-002
1.900000000000000e+000	1.900000e+000	3.325875e-002
2.000000000000000e+000	2.000000e+000	3.324527e-002
2.100000000000000e+000	2.100000e+000	3.323175e-002
2.200000000000000e+000	2.200000e+000	3.321817e-002
2.300000000000000e+000	2.300000e+000	3.320448e-002
2.400000000000000e+000	2.400000e+000	3.319064e-002
2.500000000000000e+000	2.500000e+000	3.317656e-002
2.600000000000000e+000	2.600000e+000	3.316211e-002
2.700000000000000e+000	2.700000e+000	3.314709e-002
2.800000000000000e+000	2.800000e+000	3.313120e-002
2.900000000000000e+000	2.900000e+000	3.311396e-002
3.000000000000000e+000	3.000000e+000	3.309467e-002
3.100000000000000e+000	3.100000e+000	3.307221e-002
3.200000000000000e+000	3.200000e+000	3.304488e-002
3.300000000000000e+000	3.300000e+000	3.301007e-002
3.400000000000000e+000	3.400000e+000	3.296376e-002
3.500000000000000e+000	3.500000e+000	3.289979e-002
3.600000000000000e+000	3.600000e+000	3.280871e-002
3.700000000000000e+000	3.700000e+000	3.267605e-002
3.800000000000000e+000	3.800000e+000	3.247965e-002
3.900000000000000e+000	3.900000e+000	3.218577e-002
4.000000000000000e+000	4.000000e+000	3.174311e-002
4.100000000000000e+000	4.100000e+000	3.107434e-002
4.200000000000000e+000	4.200000e+000	3.006391e-002
4.300000000000000e+000	4.300000e+000	2.854183e-002
4.400000000000000e+000	4.400000e+000	2.626345e-002
4.500000000000000e+000	4.500000e+000	2.288819e-002
4.600000000000000e+000	4.600000e+000	1.796400e-002
4.625000000000000e+000	4.625000e+000	1.642729e-002
4.650000000000000e+000	4.650000e+000	1.474943e-002
4.675000000000000e+000	4.675000e+000	1.292050e-002
4.700000000000000e+000	4.700000e+000	1.093040e-002
4.725000000000000e+000	4.725000e+000	8.768918e-003
4.750000000000000e+000	4.750000e+000	6.425876e-003
4.775000000000000e+000	4.775000e+000	3.891178e-003
4.800000000000000e+000	4.800000e+000	1.154948e-003
4.825000000000000e+000	4.825000e+000	1.000000e-004
4.850000000000000e+000	4.850000e+000	1.000000e-004
4.875000000000000e+000	4.875000e+000	1.000000e-004
4.900000000000000e+000	4.900000e+000	1.000000e-004
4.925000000000000e+000	4.925000e+000	1.000000e-004
4.950000000000000e+000	4.950000e+000	1.000000e-004
4.975000000000000e+000	4.975000e+000	1.000000e-004
5.000000000000000e+000	5.000000e+000	1.000000e-004
Step Information: Illu_set=900  (Run: 9/10)
1.000000000000000e-001	1.000000e-001	3.768918e-002
2.000000000000000e-001	2.000000e-001	3.767579e-002
3.000000000000000e-001	3.000000e-001	3.766239e-002
4.000000000000000e-001	4.000000e-001	3.764900e-002
5.000000000000000e-001	5.000000e-001	3.763560e-002
6.000000000000000e-001	6.000000e-001	3.762221e-002
7.000000000000000e-001	7.000000e-001	3.760881e-002
8.000000000000000e-001	8.000000e-001	3.759542e-002
9.000000000000000e-001	9.000000e-001	3.758202e-002
1.000000000000000e+000	1.000000e+000	3.756863e-002
1.100000000000000e+000	1.100000e+000	3.755523e-002
1.200000000000000e+000	1.200000e+000	3.754183e-002
1.300000000000000e+000	1.300000e+000	3.752843e-002
1.400000000000000e+000	1.400000e+000	3.751503e-002
1.500000000000000e+000	1.500000e+000	3.750162e-002
1.600000000000000e+000	1.600000e+000	3.748821e-002
1.700000000000000e+000	1.700000e+000	3.747480e-002
1.800000000000000e+000	1.800000e+000	3.746137e-002
1.900000000000000e+000	1.900000e+000	3.744792e-002
2.000000000000000e+000	2.000000e+000	3.743444e-002
2.100000000000000e+000	2.100000e+000	3.742092e-002
2.200000000000000e+000	2.200000e+000	3.740733e-002
2.300000000000000e+000	2.300000e+000	3.739363e-002
2.400000000000000e+000	2.400000e+000	3.737978e-002
2.500000000000000e+000	2.500000e+000	3.736568e-002
2.600000000000000e+000	2.600000e+000	3.735120e-002
2.700000000000000e+000	2.700000e+000	3.733614e-002
2.800000000000000e+000	2.800000e+000	3.732018e-002
2.900000000000000e+000	2.900000e+000	3.730284e-002
3.000000000000000e+000	3.000000e+000	3.728339e-002
3.100000000000000e+000	3.100000e+000	3.726068e-002
3.200000000000000e+000	3.200000e+000	3.723298e-002
3.300000000000000e+000	3.300000e+000	3.719759e-002
3.400000000000000e+000	3.400000e+000	3.715039e-002
3.500000000000000e+000	3.500000e+000	3.708506e-002
3.600000000000000e+000	3.600000e+000	3.699188e-002
3.700000000000000e+000	3.700000e+000	3.685601e-002
3.800000000000000e+000	3.800000e+000	3.665470e-002
3.900000000000000e+000	3.900000e+000	3.635330e-002
4.000000000000000e+000	4.000000e+000	3.589919e-002
4.100000000000000e+000	4.100000e+000	3.521306e-002
4.200000000000000e+000	4.200000e+000	3.417652e-002
4.300000000000000e+000	4.300000e+000	3.261553e-002
4.400000000000000e+000	4.400000e+000	3.028013e-002
4.500000000000000e+000	4.500000e+000	2.682315e-002
4.600000000000000e+000	4.600000e+000	2.178546e-002
4.625000000000000e+000	4.625000e+000	2.021465e-002
4.650000000000000e+000	4.650000e+000	1.850025e-002
4.675000000000000e+000	4.675000e+000	1.663229e-002
4.700000000000000e+000	4.700000e+000	1.460063e-002
4.725000000000000e+000	4.725000e+000	1.239506e-002
4.750000000000000e+000	4.750000e+000	1.000542e-002
4.775000000000000e+000	4.775000e+000	7.421640e-003
4.800000000000000e+000	4.800000e+000	4.633925e-003
4.825000000000000e+000	4.825000e+000	1.632812e-003
4.850000000000000e+000	4.850000e+000	1.000000e-004
4.875000000000000e+000	4.875000e+000	1.000000e-004
4.900000000000000e+000	4.900000e+000	1.000000e-004
4.925000000000000e+000	4.925000e+000	1.000000e-004
4.950000000000000e+000	4.950000e+000	1.000000e-004
4.975000000000000e+000	4.975000e+000	1.000000e-004
5.000000000000000e+000	5.000000e+000	1.000000e-004
Step Information: Illu_set=1K  (Run: 10/10)
1.000000000000000e-001	1.000000e-001	4.187836e-002
2.000000000000000e-001	2.000000e-001	4.186497e-002
3.000000000000000e-001	3.000000e-001	4.185157e-002
4.000000000000000e-001	4.000000e-001	4.183817e-002
5.000000000000000e-001	5.000000e-001	4.182478e-002
6.000000000000000e-001	6.000000e-001	4.181138e-002
7.000000000000000e-001	7.000000e-001	4.179799e-002
8.000000000000000e-001	8.000000e-001	4.178459e-002
9.000000000000000e-001	9.000000e-001	4.177120e-002
1.000000000000000e+000	1.000000e+000	4.175780e-002
1.100000000000000e+000	1.100000e+000	4.174440e-002
1.200000000000000e+000	1.200000e+000	4.173100e-002
1.300000000000000e+000	1.300000e+000	4.171760e-002
1.400000000000000e+000	1.400000e+000	4.170420e-002
1.500000000000000e+000	1.500000e+000	4.169080e-002
1.600000000000000e+000	1.600000e+000	4.167739e-002
1.700000000000000e+000	1.700000e+000	4.166397e-002
1.800000000000000e+000	1.800000e+000	4.165054e-002
1.900000000000000e+000	1.900000e+000	4.163709e-002
2.000000000000000e+000	2.000000e+000	4.162361e-002
2.100000000000000e+000	2.100000e+000	4.161008e-002
2.200000000000000e+000	2.200000e+000	4.159649e-002
2.300000000000000e+000	2.300000e+000	4.158279e-002
2.400000000000000e+000	2.400000e+000	4.156892e-002
2.500000000000000e+000	2.500000e+000	4.155480e-002
2.600000000000000e+000	2.600000e+000	4.154029e-002
2.700000000000000e+000	2.700000e+000	4.152519e-002
2.800000000000000e+000	2.800000e+000	4.150916e-002
2.900000000000000e+000	2.900000e+000	4.149171e-002
3.000000000000000e+000	3.000000e+000	4.147210e-002
3.100000000000000e+000	3.100000e+000	4.144914e-002
3.200000000000000e+000	3.200000e+000	4.142104e-002
3.300000000000000e+000	3.300000e+000	4.138506e-002
3.400000000000000e+000	3.400000e+000	4.133695e-002
3.500000000000000e+000	3.500000e+000	4.127022e-002
3.600000000000000e+000	3.600000e+000	4.117490e-002
3.700000000000000e+000	3.700000e+000	4.103572e-002
3.800000000000000e+000	3.800000e+000	4.082936e-002
3.900000000000000e+000	3.900000e+000	4.052025e-002
4.000000000000000e+000	4.000000e+000	4.005439e-002
4.100000000000000e+000	4.100000e+000	3.935046e-002
4.200000000000000e+000	4.200000e+000	3.828713e-002
4.300000000000000e+000	4.300000e+000	3.668629e-002
4.400000000000000e+000	4.400000e+000	3.429254e-002
4.500000000000000e+000	4.500000e+000	3.075206e-002
4.600000000000000e+000	4.600000e+000	2.559868e-002
4.625000000000000e+000	4.625000e+000	2.399318e-002
4.650000000000000e+000	4.650000e+000	2.224163e-002
4.675000000000000e+000	4.675000e+000	2.033401e-002
4.700000000000000e+000	4.700000e+000	1.826016e-002
4.725000000000000e+000	4.725000e+000	1.600988e-002
4.750000000000000e+000	4.750000e+000	1.357301e-002
4.775000000000000e+000	4.775000e+000	1.093955e-002
4.800000000000000e+000	4.800000e+000	8.099771e-003
4.825000000000000e+000	4.825000e+000	5.044312e-003
4.850000000000000e+000	4.850000e+000	1.764306e-003
4.875000000000000e+000	4.875000e+000	1.000000e-004
4.900000000000000e+000	4.900000e+000	1.000000e-004
4.925000000000000e+000	4.925000e+000	1.000000e-004
4.950000000000000e+000	4.950000e+000	1.000000e-004
4.975000000000000e+000	4.975000e+000	1.000000e-004
5.000000000000000e+000	5.000000e+000	1.000000e-004
